{
 "cells": [
  {
   "cell_type": "code",
   "execution_count": 8,
   "id": "0fcc06f8",
   "metadata": {},
   "outputs": [
    {
     "data": {
      "text/html": [
       "<div>\n",
       "<style scoped>\n",
       "    .dataframe tbody tr th:only-of-type {\n",
       "        vertical-align: middle;\n",
       "    }\n",
       "\n",
       "    .dataframe tbody tr th {\n",
       "        vertical-align: top;\n",
       "    }\n",
       "\n",
       "    .dataframe thead th {\n",
       "        text-align: right;\n",
       "    }\n",
       "</style>\n",
       "<table border=\"1\" class=\"dataframe\">\n",
       "  <thead>\n",
       "    <tr style=\"text-align: right;\">\n",
       "      <th></th>\n",
       "      <th>age</th>\n",
       "      <th>sex</th>\n",
       "      <th>cp</th>\n",
       "      <th>trestbps</th>\n",
       "      <th>chol</th>\n",
       "      <th>fbs</th>\n",
       "      <th>restecg</th>\n",
       "      <th>thalach</th>\n",
       "      <th>exang</th>\n",
       "      <th>oldpeak</th>\n",
       "      <th>slope</th>\n",
       "      <th>ca</th>\n",
       "      <th>thal</th>\n",
       "      <th>condition</th>\n",
       "    </tr>\n",
       "  </thead>\n",
       "  <tbody>\n",
       "    <tr>\n",
       "      <th>0</th>\n",
       "      <td>69</td>\n",
       "      <td>1</td>\n",
       "      <td>0</td>\n",
       "      <td>160</td>\n",
       "      <td>234</td>\n",
       "      <td>1</td>\n",
       "      <td>2</td>\n",
       "      <td>131</td>\n",
       "      <td>0</td>\n",
       "      <td>0.1</td>\n",
       "      <td>1</td>\n",
       "      <td>1</td>\n",
       "      <td>0</td>\n",
       "      <td>0</td>\n",
       "    </tr>\n",
       "    <tr>\n",
       "      <th>1</th>\n",
       "      <td>69</td>\n",
       "      <td>0</td>\n",
       "      <td>0</td>\n",
       "      <td>140</td>\n",
       "      <td>239</td>\n",
       "      <td>0</td>\n",
       "      <td>0</td>\n",
       "      <td>151</td>\n",
       "      <td>0</td>\n",
       "      <td>1.8</td>\n",
       "      <td>0</td>\n",
       "      <td>2</td>\n",
       "      <td>0</td>\n",
       "      <td>0</td>\n",
       "    </tr>\n",
       "    <tr>\n",
       "      <th>2</th>\n",
       "      <td>66</td>\n",
       "      <td>0</td>\n",
       "      <td>0</td>\n",
       "      <td>150</td>\n",
       "      <td>226</td>\n",
       "      <td>0</td>\n",
       "      <td>0</td>\n",
       "      <td>114</td>\n",
       "      <td>0</td>\n",
       "      <td>2.6</td>\n",
       "      <td>2</td>\n",
       "      <td>0</td>\n",
       "      <td>0</td>\n",
       "      <td>0</td>\n",
       "    </tr>\n",
       "    <tr>\n",
       "      <th>3</th>\n",
       "      <td>65</td>\n",
       "      <td>1</td>\n",
       "      <td>0</td>\n",
       "      <td>138</td>\n",
       "      <td>282</td>\n",
       "      <td>1</td>\n",
       "      <td>2</td>\n",
       "      <td>174</td>\n",
       "      <td>0</td>\n",
       "      <td>1.4</td>\n",
       "      <td>1</td>\n",
       "      <td>1</td>\n",
       "      <td>0</td>\n",
       "      <td>1</td>\n",
       "    </tr>\n",
       "    <tr>\n",
       "      <th>4</th>\n",
       "      <td>64</td>\n",
       "      <td>1</td>\n",
       "      <td>0</td>\n",
       "      <td>110</td>\n",
       "      <td>211</td>\n",
       "      <td>0</td>\n",
       "      <td>2</td>\n",
       "      <td>144</td>\n",
       "      <td>1</td>\n",
       "      <td>1.8</td>\n",
       "      <td>1</td>\n",
       "      <td>0</td>\n",
       "      <td>0</td>\n",
       "      <td>0</td>\n",
       "    </tr>\n",
       "    <tr>\n",
       "      <th>5</th>\n",
       "      <td>64</td>\n",
       "      <td>1</td>\n",
       "      <td>0</td>\n",
       "      <td>170</td>\n",
       "      <td>227</td>\n",
       "      <td>0</td>\n",
       "      <td>2</td>\n",
       "      <td>155</td>\n",
       "      <td>0</td>\n",
       "      <td>0.6</td>\n",
       "      <td>1</td>\n",
       "      <td>0</td>\n",
       "      <td>2</td>\n",
       "      <td>0</td>\n",
       "    </tr>\n",
       "    <tr>\n",
       "      <th>6</th>\n",
       "      <td>63</td>\n",
       "      <td>1</td>\n",
       "      <td>0</td>\n",
       "      <td>145</td>\n",
       "      <td>233</td>\n",
       "      <td>1</td>\n",
       "      <td>2</td>\n",
       "      <td>150</td>\n",
       "      <td>0</td>\n",
       "      <td>2.3</td>\n",
       "      <td>2</td>\n",
       "      <td>0</td>\n",
       "      <td>1</td>\n",
       "      <td>0</td>\n",
       "    </tr>\n",
       "    <tr>\n",
       "      <th>7</th>\n",
       "      <td>61</td>\n",
       "      <td>1</td>\n",
       "      <td>0</td>\n",
       "      <td>134</td>\n",
       "      <td>234</td>\n",
       "      <td>0</td>\n",
       "      <td>0</td>\n",
       "      <td>145</td>\n",
       "      <td>0</td>\n",
       "      <td>2.6</td>\n",
       "      <td>1</td>\n",
       "      <td>2</td>\n",
       "      <td>0</td>\n",
       "      <td>1</td>\n",
       "    </tr>\n",
       "    <tr>\n",
       "      <th>8</th>\n",
       "      <td>60</td>\n",
       "      <td>0</td>\n",
       "      <td>0</td>\n",
       "      <td>150</td>\n",
       "      <td>240</td>\n",
       "      <td>0</td>\n",
       "      <td>0</td>\n",
       "      <td>171</td>\n",
       "      <td>0</td>\n",
       "      <td>0.9</td>\n",
       "      <td>0</td>\n",
       "      <td>0</td>\n",
       "      <td>0</td>\n",
       "      <td>0</td>\n",
       "    </tr>\n",
       "    <tr>\n",
       "      <th>9</th>\n",
       "      <td>59</td>\n",
       "      <td>1</td>\n",
       "      <td>0</td>\n",
       "      <td>178</td>\n",
       "      <td>270</td>\n",
       "      <td>0</td>\n",
       "      <td>2</td>\n",
       "      <td>145</td>\n",
       "      <td>0</td>\n",
       "      <td>4.2</td>\n",
       "      <td>2</td>\n",
       "      <td>0</td>\n",
       "      <td>2</td>\n",
       "      <td>0</td>\n",
       "    </tr>\n",
       "  </tbody>\n",
       "</table>\n",
       "</div>"
      ],
      "text/plain": [
       "   age  sex  cp  trestbps  chol  fbs  restecg  thalach  exang  oldpeak  slope  \\\n",
       "0   69    1   0       160   234    1        2      131      0      0.1      1   \n",
       "1   69    0   0       140   239    0        0      151      0      1.8      0   \n",
       "2   66    0   0       150   226    0        0      114      0      2.6      2   \n",
       "3   65    1   0       138   282    1        2      174      0      1.4      1   \n",
       "4   64    1   0       110   211    0        2      144      1      1.8      1   \n",
       "5   64    1   0       170   227    0        2      155      0      0.6      1   \n",
       "6   63    1   0       145   233    1        2      150      0      2.3      2   \n",
       "7   61    1   0       134   234    0        0      145      0      2.6      1   \n",
       "8   60    0   0       150   240    0        0      171      0      0.9      0   \n",
       "9   59    1   0       178   270    0        2      145      0      4.2      2   \n",
       "\n",
       "   ca  thal  condition  \n",
       "0   1     0          0  \n",
       "1   2     0          0  \n",
       "2   0     0          0  \n",
       "3   1     0          1  \n",
       "4   0     0          0  \n",
       "5   0     2          0  \n",
       "6   0     1          0  \n",
       "7   2     0          1  \n",
       "8   0     0          0  \n",
       "9   0     2          0  "
      ]
     },
     "execution_count": 8,
     "metadata": {},
     "output_type": "execute_result"
    }
   ],
   "source": [
    "import pandas as pd\n",
    "import numpy as np\n",
    "data=pd.read_csv('heart_cleveland_upload.csv')\n",
    "data.head(10)"
   ]
  },
  {
   "cell_type": "code",
   "execution_count": 9,
   "id": "5edabbb4",
   "metadata": {},
   "outputs": [
    {
     "data": {
      "text/html": [
       "<div>\n",
       "<style scoped>\n",
       "    .dataframe tbody tr th:only-of-type {\n",
       "        vertical-align: middle;\n",
       "    }\n",
       "\n",
       "    .dataframe tbody tr th {\n",
       "        vertical-align: top;\n",
       "    }\n",
       "\n",
       "    .dataframe thead th {\n",
       "        text-align: right;\n",
       "    }\n",
       "</style>\n",
       "<table border=\"1\" class=\"dataframe\">\n",
       "  <thead>\n",
       "    <tr style=\"text-align: right;\">\n",
       "      <th></th>\n",
       "      <th>age</th>\n",
       "      <th>sex</th>\n",
       "      <th>cp</th>\n",
       "      <th>trestbps</th>\n",
       "      <th>chol</th>\n",
       "      <th>fbs</th>\n",
       "      <th>restecg</th>\n",
       "      <th>thalach</th>\n",
       "      <th>exang</th>\n",
       "      <th>oldpeak</th>\n",
       "      <th>slope</th>\n",
       "      <th>ca</th>\n",
       "      <th>thal</th>\n",
       "      <th>condition</th>\n",
       "    </tr>\n",
       "  </thead>\n",
       "  <tbody>\n",
       "    <tr>\n",
       "      <th>age</th>\n",
       "      <td>1.000000</td>\n",
       "      <td>-0.092399</td>\n",
       "      <td>0.110471</td>\n",
       "      <td>0.290476</td>\n",
       "      <td>0.202644</td>\n",
       "      <td>0.132062</td>\n",
       "      <td>0.149917</td>\n",
       "      <td>-0.394563</td>\n",
       "      <td>0.096489</td>\n",
       "      <td>0.197123</td>\n",
       "      <td>0.159405</td>\n",
       "      <td>0.362210</td>\n",
       "      <td>0.120795</td>\n",
       "      <td>0.227075</td>\n",
       "    </tr>\n",
       "    <tr>\n",
       "      <th>sex</th>\n",
       "      <td>-0.092399</td>\n",
       "      <td>1.000000</td>\n",
       "      <td>0.008908</td>\n",
       "      <td>-0.066340</td>\n",
       "      <td>-0.198089</td>\n",
       "      <td>0.038850</td>\n",
       "      <td>0.033897</td>\n",
       "      <td>-0.060496</td>\n",
       "      <td>0.143581</td>\n",
       "      <td>0.106567</td>\n",
       "      <td>0.033345</td>\n",
       "      <td>0.091925</td>\n",
       "      <td>0.370556</td>\n",
       "      <td>0.278467</td>\n",
       "    </tr>\n",
       "    <tr>\n",
       "      <th>cp</th>\n",
       "      <td>0.110471</td>\n",
       "      <td>0.008908</td>\n",
       "      <td>1.000000</td>\n",
       "      <td>-0.036980</td>\n",
       "      <td>0.072088</td>\n",
       "      <td>-0.057663</td>\n",
       "      <td>0.063905</td>\n",
       "      <td>-0.339308</td>\n",
       "      <td>0.377525</td>\n",
       "      <td>0.203244</td>\n",
       "      <td>0.151079</td>\n",
       "      <td>0.235644</td>\n",
       "      <td>0.266275</td>\n",
       "      <td>0.408945</td>\n",
       "    </tr>\n",
       "    <tr>\n",
       "      <th>trestbps</th>\n",
       "      <td>0.290476</td>\n",
       "      <td>-0.066340</td>\n",
       "      <td>-0.036980</td>\n",
       "      <td>1.000000</td>\n",
       "      <td>0.131536</td>\n",
       "      <td>0.180860</td>\n",
       "      <td>0.149242</td>\n",
       "      <td>-0.049108</td>\n",
       "      <td>0.066691</td>\n",
       "      <td>0.191243</td>\n",
       "      <td>0.121172</td>\n",
       "      <td>0.097954</td>\n",
       "      <td>0.130612</td>\n",
       "      <td>0.153490</td>\n",
       "    </tr>\n",
       "    <tr>\n",
       "      <th>chol</th>\n",
       "      <td>0.202644</td>\n",
       "      <td>-0.198089</td>\n",
       "      <td>0.072088</td>\n",
       "      <td>0.131536</td>\n",
       "      <td>1.000000</td>\n",
       "      <td>0.012708</td>\n",
       "      <td>0.165046</td>\n",
       "      <td>-0.000075</td>\n",
       "      <td>0.059339</td>\n",
       "      <td>0.038596</td>\n",
       "      <td>-0.009215</td>\n",
       "      <td>0.115945</td>\n",
       "      <td>0.023441</td>\n",
       "      <td>0.080285</td>\n",
       "    </tr>\n",
       "    <tr>\n",
       "      <th>fbs</th>\n",
       "      <td>0.132062</td>\n",
       "      <td>0.038850</td>\n",
       "      <td>-0.057663</td>\n",
       "      <td>0.180860</td>\n",
       "      <td>0.012708</td>\n",
       "      <td>1.000000</td>\n",
       "      <td>0.068831</td>\n",
       "      <td>-0.007842</td>\n",
       "      <td>-0.000893</td>\n",
       "      <td>0.008311</td>\n",
       "      <td>0.047819</td>\n",
       "      <td>0.152086</td>\n",
       "      <td>0.051038</td>\n",
       "      <td>0.003167</td>\n",
       "    </tr>\n",
       "    <tr>\n",
       "      <th>restecg</th>\n",
       "      <td>0.149917</td>\n",
       "      <td>0.033897</td>\n",
       "      <td>0.063905</td>\n",
       "      <td>0.149242</td>\n",
       "      <td>0.165046</td>\n",
       "      <td>0.068831</td>\n",
       "      <td>1.000000</td>\n",
       "      <td>-0.072290</td>\n",
       "      <td>0.081874</td>\n",
       "      <td>0.113726</td>\n",
       "      <td>0.135141</td>\n",
       "      <td>0.129021</td>\n",
       "      <td>0.013612</td>\n",
       "      <td>0.166343</td>\n",
       "    </tr>\n",
       "    <tr>\n",
       "      <th>thalach</th>\n",
       "      <td>-0.394563</td>\n",
       "      <td>-0.060496</td>\n",
       "      <td>-0.339308</td>\n",
       "      <td>-0.049108</td>\n",
       "      <td>-0.000075</td>\n",
       "      <td>-0.007842</td>\n",
       "      <td>-0.072290</td>\n",
       "      <td>1.000000</td>\n",
       "      <td>-0.384368</td>\n",
       "      <td>-0.347640</td>\n",
       "      <td>-0.389307</td>\n",
       "      <td>-0.268727</td>\n",
       "      <td>-0.258386</td>\n",
       "      <td>-0.423817</td>\n",
       "    </tr>\n",
       "    <tr>\n",
       "      <th>exang</th>\n",
       "      <td>0.096489</td>\n",
       "      <td>0.143581</td>\n",
       "      <td>0.377525</td>\n",
       "      <td>0.066691</td>\n",
       "      <td>0.059339</td>\n",
       "      <td>-0.000893</td>\n",
       "      <td>0.081874</td>\n",
       "      <td>-0.384368</td>\n",
       "      <td>1.000000</td>\n",
       "      <td>0.289310</td>\n",
       "      <td>0.250572</td>\n",
       "      <td>0.148232</td>\n",
       "      <td>0.323268</td>\n",
       "      <td>0.421355</td>\n",
       "    </tr>\n",
       "    <tr>\n",
       "      <th>oldpeak</th>\n",
       "      <td>0.197123</td>\n",
       "      <td>0.106567</td>\n",
       "      <td>0.203244</td>\n",
       "      <td>0.191243</td>\n",
       "      <td>0.038596</td>\n",
       "      <td>0.008311</td>\n",
       "      <td>0.113726</td>\n",
       "      <td>-0.347640</td>\n",
       "      <td>0.289310</td>\n",
       "      <td>1.000000</td>\n",
       "      <td>0.579037</td>\n",
       "      <td>0.294452</td>\n",
       "      <td>0.336809</td>\n",
       "      <td>0.424052</td>\n",
       "    </tr>\n",
       "    <tr>\n",
       "      <th>slope</th>\n",
       "      <td>0.159405</td>\n",
       "      <td>0.033345</td>\n",
       "      <td>0.151079</td>\n",
       "      <td>0.121172</td>\n",
       "      <td>-0.009215</td>\n",
       "      <td>0.047819</td>\n",
       "      <td>0.135141</td>\n",
       "      <td>-0.389307</td>\n",
       "      <td>0.250572</td>\n",
       "      <td>0.579037</td>\n",
       "      <td>1.000000</td>\n",
       "      <td>0.109761</td>\n",
       "      <td>0.260096</td>\n",
       "      <td>0.333049</td>\n",
       "    </tr>\n",
       "    <tr>\n",
       "      <th>ca</th>\n",
       "      <td>0.362210</td>\n",
       "      <td>0.091925</td>\n",
       "      <td>0.235644</td>\n",
       "      <td>0.097954</td>\n",
       "      <td>0.115945</td>\n",
       "      <td>0.152086</td>\n",
       "      <td>0.129021</td>\n",
       "      <td>-0.268727</td>\n",
       "      <td>0.148232</td>\n",
       "      <td>0.294452</td>\n",
       "      <td>0.109761</td>\n",
       "      <td>1.000000</td>\n",
       "      <td>0.248825</td>\n",
       "      <td>0.463189</td>\n",
       "    </tr>\n",
       "    <tr>\n",
       "      <th>thal</th>\n",
       "      <td>0.120795</td>\n",
       "      <td>0.370556</td>\n",
       "      <td>0.266275</td>\n",
       "      <td>0.130612</td>\n",
       "      <td>0.023441</td>\n",
       "      <td>0.051038</td>\n",
       "      <td>0.013612</td>\n",
       "      <td>-0.258386</td>\n",
       "      <td>0.323268</td>\n",
       "      <td>0.336809</td>\n",
       "      <td>0.260096</td>\n",
       "      <td>0.248825</td>\n",
       "      <td>1.000000</td>\n",
       "      <td>0.520516</td>\n",
       "    </tr>\n",
       "    <tr>\n",
       "      <th>condition</th>\n",
       "      <td>0.227075</td>\n",
       "      <td>0.278467</td>\n",
       "      <td>0.408945</td>\n",
       "      <td>0.153490</td>\n",
       "      <td>0.080285</td>\n",
       "      <td>0.003167</td>\n",
       "      <td>0.166343</td>\n",
       "      <td>-0.423817</td>\n",
       "      <td>0.421355</td>\n",
       "      <td>0.424052</td>\n",
       "      <td>0.333049</td>\n",
       "      <td>0.463189</td>\n",
       "      <td>0.520516</td>\n",
       "      <td>1.000000</td>\n",
       "    </tr>\n",
       "  </tbody>\n",
       "</table>\n",
       "</div>"
      ],
      "text/plain": [
       "                age       sex        cp  trestbps      chol       fbs  \\\n",
       "age        1.000000 -0.092399  0.110471  0.290476  0.202644  0.132062   \n",
       "sex       -0.092399  1.000000  0.008908 -0.066340 -0.198089  0.038850   \n",
       "cp         0.110471  0.008908  1.000000 -0.036980  0.072088 -0.057663   \n",
       "trestbps   0.290476 -0.066340 -0.036980  1.000000  0.131536  0.180860   \n",
       "chol       0.202644 -0.198089  0.072088  0.131536  1.000000  0.012708   \n",
       "fbs        0.132062  0.038850 -0.057663  0.180860  0.012708  1.000000   \n",
       "restecg    0.149917  0.033897  0.063905  0.149242  0.165046  0.068831   \n",
       "thalach   -0.394563 -0.060496 -0.339308 -0.049108 -0.000075 -0.007842   \n",
       "exang      0.096489  0.143581  0.377525  0.066691  0.059339 -0.000893   \n",
       "oldpeak    0.197123  0.106567  0.203244  0.191243  0.038596  0.008311   \n",
       "slope      0.159405  0.033345  0.151079  0.121172 -0.009215  0.047819   \n",
       "ca         0.362210  0.091925  0.235644  0.097954  0.115945  0.152086   \n",
       "thal       0.120795  0.370556  0.266275  0.130612  0.023441  0.051038   \n",
       "condition  0.227075  0.278467  0.408945  0.153490  0.080285  0.003167   \n",
       "\n",
       "            restecg   thalach     exang   oldpeak     slope        ca  \\\n",
       "age        0.149917 -0.394563  0.096489  0.197123  0.159405  0.362210   \n",
       "sex        0.033897 -0.060496  0.143581  0.106567  0.033345  0.091925   \n",
       "cp         0.063905 -0.339308  0.377525  0.203244  0.151079  0.235644   \n",
       "trestbps   0.149242 -0.049108  0.066691  0.191243  0.121172  0.097954   \n",
       "chol       0.165046 -0.000075  0.059339  0.038596 -0.009215  0.115945   \n",
       "fbs        0.068831 -0.007842 -0.000893  0.008311  0.047819  0.152086   \n",
       "restecg    1.000000 -0.072290  0.081874  0.113726  0.135141  0.129021   \n",
       "thalach   -0.072290  1.000000 -0.384368 -0.347640 -0.389307 -0.268727   \n",
       "exang      0.081874 -0.384368  1.000000  0.289310  0.250572  0.148232   \n",
       "oldpeak    0.113726 -0.347640  0.289310  1.000000  0.579037  0.294452   \n",
       "slope      0.135141 -0.389307  0.250572  0.579037  1.000000  0.109761   \n",
       "ca         0.129021 -0.268727  0.148232  0.294452  0.109761  1.000000   \n",
       "thal       0.013612 -0.258386  0.323268  0.336809  0.260096  0.248825   \n",
       "condition  0.166343 -0.423817  0.421355  0.424052  0.333049  0.463189   \n",
       "\n",
       "               thal  condition  \n",
       "age        0.120795   0.227075  \n",
       "sex        0.370556   0.278467  \n",
       "cp         0.266275   0.408945  \n",
       "trestbps   0.130612   0.153490  \n",
       "chol       0.023441   0.080285  \n",
       "fbs        0.051038   0.003167  \n",
       "restecg    0.013612   0.166343  \n",
       "thalach   -0.258386  -0.423817  \n",
       "exang      0.323268   0.421355  \n",
       "oldpeak    0.336809   0.424052  \n",
       "slope      0.260096   0.333049  \n",
       "ca         0.248825   0.463189  \n",
       "thal       1.000000   0.520516  \n",
       "condition  0.520516   1.000000  "
      ]
     },
     "execution_count": 9,
     "metadata": {},
     "output_type": "execute_result"
    }
   ],
   "source": [
    "#calculate the correlation matrix\n",
    "correlation_matrix=data.corr()\n",
    "correlation_matrix"
   ]
  },
  {
   "cell_type": "code",
   "execution_count": 10,
   "id": "59d9b05b",
   "metadata": {},
   "outputs": [
    {
     "data": {
      "text/html": [
       "<div>\n",
       "<style scoped>\n",
       "    .dataframe tbody tr th:only-of-type {\n",
       "        vertical-align: middle;\n",
       "    }\n",
       "\n",
       "    .dataframe tbody tr th {\n",
       "        vertical-align: top;\n",
       "    }\n",
       "\n",
       "    .dataframe thead th {\n",
       "        text-align: right;\n",
       "    }\n",
       "</style>\n",
       "<table border=\"1\" class=\"dataframe\">\n",
       "  <thead>\n",
       "    <tr style=\"text-align: right;\">\n",
       "      <th></th>\n",
       "      <th>age</th>\n",
       "      <th>sex</th>\n",
       "      <th>cp</th>\n",
       "      <th>trestbps</th>\n",
       "      <th>chol</th>\n",
       "      <th>fbs</th>\n",
       "      <th>restecg</th>\n",
       "      <th>thalach</th>\n",
       "      <th>exang</th>\n",
       "      <th>oldpeak</th>\n",
       "      <th>slope</th>\n",
       "      <th>ca</th>\n",
       "      <th>thal</th>\n",
       "      <th>condition</th>\n",
       "    </tr>\n",
       "  </thead>\n",
       "  <tbody>\n",
       "    <tr>\n",
       "      <th>age</th>\n",
       "      <td>81.897716</td>\n",
       "      <td>-0.391755</td>\n",
       "      <td>0.964601</td>\n",
       "      <td>46.693682</td>\n",
       "      <td>95.356834</td>\n",
       "      <td>0.421251</td>\n",
       "      <td>1.349804</td>\n",
       "      <td>-81.917201</td>\n",
       "      <td>0.410194</td>\n",
       "      <td>2.080255</td>\n",
       "      <td>0.891778</td>\n",
       "      <td>3.077839</td>\n",
       "      <td>1.045819</td>\n",
       "      <td>1.026128</td>\n",
       "    </tr>\n",
       "    <tr>\n",
       "      <th>sex</th>\n",
       "      <td>-0.391755</td>\n",
       "      <td>0.219492</td>\n",
       "      <td>0.004027</td>\n",
       "      <td>-0.552075</td>\n",
       "      <td>-4.825621</td>\n",
       "      <td>0.006416</td>\n",
       "      <td>0.015800</td>\n",
       "      <td>-0.650218</td>\n",
       "      <td>0.031600</td>\n",
       "      <td>0.058221</td>\n",
       "      <td>0.009657</td>\n",
       "      <td>0.040438</td>\n",
       "      <td>0.166087</td>\n",
       "      <td>0.065145</td>\n",
       "    </tr>\n",
       "    <tr>\n",
       "      <th>cp</th>\n",
       "      <td>0.964601</td>\n",
       "      <td>0.004027</td>\n",
       "      <td>0.930954</td>\n",
       "      <td>-0.633782</td>\n",
       "      <td>3.616696</td>\n",
       "      <td>-0.019611</td>\n",
       "      <td>0.061345</td>\n",
       "      <td>-7.510704</td>\n",
       "      <td>0.171114</td>\n",
       "      <td>0.228679</td>\n",
       "      <td>0.090113</td>\n",
       "      <td>0.213486</td>\n",
       "      <td>0.245791</td>\n",
       "      <td>0.197027</td>\n",
       "    </tr>\n",
       "    <tr>\n",
       "      <th>trestbps</th>\n",
       "      <td>46.693682</td>\n",
       "      <td>-0.552075</td>\n",
       "      <td>-0.633782</td>\n",
       "      <td>315.517290</td>\n",
       "      <td>121.489410</td>\n",
       "      <td>1.132348</td>\n",
       "      <td>2.637478</td>\n",
       "      <td>-20.011694</td>\n",
       "      <td>0.556488</td>\n",
       "      <td>3.961336</td>\n",
       "      <td>1.330558</td>\n",
       "      <td>1.633736</td>\n",
       "      <td>2.219549</td>\n",
       "      <td>1.361407</td>\n",
       "    </tr>\n",
       "    <tr>\n",
       "      <th>chol</th>\n",
       "      <td>95.356834</td>\n",
       "      <td>-4.825621</td>\n",
       "      <td>3.616696</td>\n",
       "      <td>121.489410</td>\n",
       "      <td>2703.748589</td>\n",
       "      <td>0.232915</td>\n",
       "      <td>8.538345</td>\n",
       "      <td>-0.088953</td>\n",
       "      <td>1.449438</td>\n",
       "      <td>2.340278</td>\n",
       "      <td>-0.296217</td>\n",
       "      <td>5.660865</td>\n",
       "      <td>1.166075</td>\n",
       "      <td>2.084550</td>\n",
       "    </tr>\n",
       "    <tr>\n",
       "      <th>fbs</th>\n",
       "      <td>0.421251</td>\n",
       "      <td>0.006416</td>\n",
       "      <td>-0.019611</td>\n",
       "      <td>1.132348</td>\n",
       "      <td>0.232915</td>\n",
       "      <td>0.124238</td>\n",
       "      <td>0.024138</td>\n",
       "      <td>-0.063416</td>\n",
       "      <td>-0.000148</td>\n",
       "      <td>0.003416</td>\n",
       "      <td>0.010420</td>\n",
       "      <td>0.050334</td>\n",
       "      <td>0.017210</td>\n",
       "      <td>0.000557</td>\n",
       "    </tr>\n",
       "    <tr>\n",
       "      <th>restecg</th>\n",
       "      <td>1.349804</td>\n",
       "      <td>0.015800</td>\n",
       "      <td>0.061345</td>\n",
       "      <td>2.637478</td>\n",
       "      <td>8.538345</td>\n",
       "      <td>0.024138</td>\n",
       "      <td>0.989853</td>\n",
       "      <td>-1.650002</td>\n",
       "      <td>0.038266</td>\n",
       "      <td>0.131944</td>\n",
       "      <td>0.083117</td>\n",
       "      <td>0.120530</td>\n",
       "      <td>0.012956</td>\n",
       "      <td>0.082639</td>\n",
       "    </tr>\n",
       "    <tr>\n",
       "      <th>thalach</th>\n",
       "      <td>-81.917201</td>\n",
       "      <td>-0.650218</td>\n",
       "      <td>-7.510704</td>\n",
       "      <td>-20.011694</td>\n",
       "      <td>-0.088953</td>\n",
       "      <td>-0.063416</td>\n",
       "      <td>-1.650002</td>\n",
       "      <td>526.315270</td>\n",
       "      <td>-4.142347</td>\n",
       "      <td>-9.300300</td>\n",
       "      <td>-5.521214</td>\n",
       "      <td>-5.788732</td>\n",
       "      <td>-5.671057</td>\n",
       "      <td>-4.855094</td>\n",
       "    </tr>\n",
       "    <tr>\n",
       "      <th>exang</th>\n",
       "      <td>0.410194</td>\n",
       "      <td>0.031600</td>\n",
       "      <td>0.171114</td>\n",
       "      <td>0.556488</td>\n",
       "      <td>1.449438</td>\n",
       "      <td>-0.000148</td>\n",
       "      <td>0.038266</td>\n",
       "      <td>-4.142347</td>\n",
       "      <td>0.220675</td>\n",
       "      <td>0.158483</td>\n",
       "      <td>0.072766</td>\n",
       "      <td>0.065384</td>\n",
       "      <td>0.145282</td>\n",
       "      <td>0.098837</td>\n",
       "    </tr>\n",
       "    <tr>\n",
       "      <th>oldpeak</th>\n",
       "      <td>2.080255</td>\n",
       "      <td>0.058221</td>\n",
       "      <td>0.228679</td>\n",
       "      <td>3.961336</td>\n",
       "      <td>2.340278</td>\n",
       "      <td>0.003416</td>\n",
       "      <td>0.131944</td>\n",
       "      <td>-9.300300</td>\n",
       "      <td>0.158483</td>\n",
       "      <td>1.359842</td>\n",
       "      <td>0.417417</td>\n",
       "      <td>0.322410</td>\n",
       "      <td>0.375751</td>\n",
       "      <td>0.246922</td>\n",
       "    </tr>\n",
       "    <tr>\n",
       "      <th>slope</th>\n",
       "      <td>0.891778</td>\n",
       "      <td>0.009657</td>\n",
       "      <td>0.090113</td>\n",
       "      <td>1.330558</td>\n",
       "      <td>-0.296217</td>\n",
       "      <td>0.010420</td>\n",
       "      <td>0.083117</td>\n",
       "      <td>-5.521214</td>\n",
       "      <td>0.072766</td>\n",
       "      <td>0.417417</td>\n",
       "      <td>0.382155</td>\n",
       "      <td>0.063711</td>\n",
       "      <td>0.153824</td>\n",
       "      <td>0.102807</td>\n",
       "    </tr>\n",
       "    <tr>\n",
       "      <th>ca</th>\n",
       "      <td>3.077839</td>\n",
       "      <td>0.040438</td>\n",
       "      <td>0.213486</td>\n",
       "      <td>1.633736</td>\n",
       "      <td>5.660865</td>\n",
       "      <td>0.050334</td>\n",
       "      <td>0.120530</td>\n",
       "      <td>-5.788732</td>\n",
       "      <td>0.065384</td>\n",
       "      <td>0.322410</td>\n",
       "      <td>0.063711</td>\n",
       "      <td>0.881654</td>\n",
       "      <td>0.223519</td>\n",
       "      <td>0.217172</td>\n",
       "    </tr>\n",
       "    <tr>\n",
       "      <th>thal</th>\n",
       "      <td>1.045819</td>\n",
       "      <td>0.166087</td>\n",
       "      <td>0.245791</td>\n",
       "      <td>2.219549</td>\n",
       "      <td>1.166075</td>\n",
       "      <td>0.017210</td>\n",
       "      <td>0.012956</td>\n",
       "      <td>-5.671057</td>\n",
       "      <td>0.145282</td>\n",
       "      <td>0.375751</td>\n",
       "      <td>0.153824</td>\n",
       "      <td>0.223519</td>\n",
       "      <td>0.915256</td>\n",
       "      <td>0.248658</td>\n",
       "    </tr>\n",
       "    <tr>\n",
       "      <th>condition</th>\n",
       "      <td>1.026128</td>\n",
       "      <td>0.065145</td>\n",
       "      <td>0.197027</td>\n",
       "      <td>1.361407</td>\n",
       "      <td>2.084550</td>\n",
       "      <td>0.000557</td>\n",
       "      <td>0.082639</td>\n",
       "      <td>-4.855094</td>\n",
       "      <td>0.098837</td>\n",
       "      <td>0.246922</td>\n",
       "      <td>0.102807</td>\n",
       "      <td>0.217172</td>\n",
       "      <td>0.248658</td>\n",
       "      <td>0.249340</td>\n",
       "    </tr>\n",
       "  </tbody>\n",
       "</table>\n",
       "</div>"
      ],
      "text/plain": [
       "                 age       sex        cp    trestbps         chol       fbs  \\\n",
       "age        81.897716 -0.391755  0.964601   46.693682    95.356834  0.421251   \n",
       "sex        -0.391755  0.219492  0.004027   -0.552075    -4.825621  0.006416   \n",
       "cp          0.964601  0.004027  0.930954   -0.633782     3.616696 -0.019611   \n",
       "trestbps   46.693682 -0.552075 -0.633782  315.517290   121.489410  1.132348   \n",
       "chol       95.356834 -4.825621  3.616696  121.489410  2703.748589  0.232915   \n",
       "fbs         0.421251  0.006416 -0.019611    1.132348     0.232915  0.124238   \n",
       "restecg     1.349804  0.015800  0.061345    2.637478     8.538345  0.024138   \n",
       "thalach   -81.917201 -0.650218 -7.510704  -20.011694    -0.088953 -0.063416   \n",
       "exang       0.410194  0.031600  0.171114    0.556488     1.449438 -0.000148   \n",
       "oldpeak     2.080255  0.058221  0.228679    3.961336     2.340278  0.003416   \n",
       "slope       0.891778  0.009657  0.090113    1.330558    -0.296217  0.010420   \n",
       "ca          3.077839  0.040438  0.213486    1.633736     5.660865  0.050334   \n",
       "thal        1.045819  0.166087  0.245791    2.219549     1.166075  0.017210   \n",
       "condition   1.026128  0.065145  0.197027    1.361407     2.084550  0.000557   \n",
       "\n",
       "            restecg     thalach     exang   oldpeak     slope        ca  \\\n",
       "age        1.349804  -81.917201  0.410194  2.080255  0.891778  3.077839   \n",
       "sex        0.015800   -0.650218  0.031600  0.058221  0.009657  0.040438   \n",
       "cp         0.061345   -7.510704  0.171114  0.228679  0.090113  0.213486   \n",
       "trestbps   2.637478  -20.011694  0.556488  3.961336  1.330558  1.633736   \n",
       "chol       8.538345   -0.088953  1.449438  2.340278 -0.296217  5.660865   \n",
       "fbs        0.024138   -0.063416 -0.000148  0.003416  0.010420  0.050334   \n",
       "restecg    0.989853   -1.650002  0.038266  0.131944  0.083117  0.120530   \n",
       "thalach   -1.650002  526.315270 -4.142347 -9.300300 -5.521214 -5.788732   \n",
       "exang      0.038266   -4.142347  0.220675  0.158483  0.072766  0.065384   \n",
       "oldpeak    0.131944   -9.300300  0.158483  1.359842  0.417417  0.322410   \n",
       "slope      0.083117   -5.521214  0.072766  0.417417  0.382155  0.063711   \n",
       "ca         0.120530   -5.788732  0.065384  0.322410  0.063711  0.881654   \n",
       "thal       0.012956   -5.671057  0.145282  0.375751  0.153824  0.223519   \n",
       "condition  0.082639   -4.855094  0.098837  0.246922  0.102807  0.217172   \n",
       "\n",
       "               thal  condition  \n",
       "age        1.045819   1.026128  \n",
       "sex        0.166087   0.065145  \n",
       "cp         0.245791   0.197027  \n",
       "trestbps   2.219549   1.361407  \n",
       "chol       1.166075   2.084550  \n",
       "fbs        0.017210   0.000557  \n",
       "restecg    0.012956   0.082639  \n",
       "thalach   -5.671057  -4.855094  \n",
       "exang      0.145282   0.098837  \n",
       "oldpeak    0.375751   0.246922  \n",
       "slope      0.153824   0.102807  \n",
       "ca         0.223519   0.217172  \n",
       "thal       0.915256   0.248658  \n",
       "condition  0.248658   0.249340  "
      ]
     },
     "execution_count": 10,
     "metadata": {},
     "output_type": "execute_result"
    }
   ],
   "source": [
    "#calculate the covarience matrix\n",
    "covarience_matrix=data.cov()\n",
    "covarience_matrix"
   ]
  },
  {
   "cell_type": "code",
   "execution_count": 12,
   "id": "cdf00e54",
   "metadata": {},
   "outputs": [
    {
     "name": "stdout",
     "output_type": "stream",
     "text": [
      "The top 5 attributes closely related to the predicted attribute:\n",
      "thal       0.520516\n",
      "ca         0.463189\n",
      "oldpeak    0.424052\n",
      "thalach    0.423817\n",
      "exang      0.421355\n",
      "Name: condition, dtype: float64\n"
     ]
    }
   ],
   "source": [
    "#identify the top 5 attributes closely related to the predicted attribute\n",
    "target_correlation=correlation_matrix['condition'].abs().sort_values(ascending=False)\n",
    "top_5_attributes=target_correlation[1:6]\n",
    "print(\"The top 5 attributes closely related to the predicted attribute:\")\n",
    "print(top_5_attributes)"
   ]
  },
  {
   "cell_type": "code",
   "execution_count": null,
   "id": "5b61ef25",
   "metadata": {},
   "outputs": [],
   "source": []
  },
  {
   "cell_type": "code",
   "execution_count": null,
   "id": "d710c56d",
   "metadata": {},
   "outputs": [],
   "source": []
  }
 ],
 "metadata": {
  "kernelspec": {
   "display_name": "Python 3 (ipykernel)",
   "language": "python",
   "name": "python3"
  },
  "language_info": {
   "codemirror_mode": {
    "name": "ipython",
    "version": 3
   },
   "file_extension": ".py",
   "mimetype": "text/x-python",
   "name": "python",
   "nbconvert_exporter": "python",
   "pygments_lexer": "ipython3",
   "version": "3.8.10"
  }
 },
 "nbformat": 4,
 "nbformat_minor": 5
}
